1
1 0

5
1 0
2 0
3 0
4 0
5 0

5
1 1 5
2 0
3 0
4 0
5 1 1

6
1 0
2 0
3 0
4 0
5 0
6 0

12
1 3 3 4 6
2 3 3 4 6
3 3 1 2 5
4 3 1 2 5
5 3 3 4 6
6 3 1 2 5
7 3 12 8 9
8 3 7 9 11
9 3 7 8 10
10 3 9 11 12
11 3 8 10 12
12 3 10 11 7

6
1 1 5
2 1 3
3 1 2
4 0
5 1 1
6 0

24
1 0
2 0
3 0
4 0
5 0
6 0
7 0
8 0
9 0
10 0
11 0
12 0
13 0
14 0
15 0
16 0
17 0
18 0
19 0
20 0
21 0
22 0
23 0
24 0

6
1 3 4 5 6
2 3 4 5 6
3 3 4 5 6
4 3 1 2 3
5 3 1 2 3
6 3 1 2 3

1
1 0

2
1 1 2
2 1 1

7
1 2 3 4
2 2 5 6
3 2 1 7
4 2 1 5
5 2 2 4
6 1 2
7 1 3

23
1 0
2 0
3 0
4 0
5 0
6 0
7 0
8 0
9 0
10 0
11 0
12 0
13 0
14 0
15 0
16 0
17 0
18 0
19 0
20 0
21 0
22 0
23 0

